   10.261200
    0.000000    5.130600    5.130600
    5.130600    0.000000    5.130600
    5.130600    5.130600    0.000000
   -1.000000    1.000000    1.000000
    1.000000   -1.000000    1.000000
    1.000000    1.000000   -1.000000
           1           8          8
         718
         718
         718
         718
         718
         718
         718
         718
    0.000000    0.000000    0.000000    0.250000
    0.500000    0.500000   -0.500000    0.250000
    0.500000   -0.500000    0.500000    0.250000
    1.000000    0.000000    0.000000    0.250000
   -0.500000    0.500000    0.500000    0.250000
    0.000000    1.000000    0.000000    0.250000
    0.000000    0.000000    1.000000    0.250000
    0.500000    0.500000    0.500000    0.250000
          24          24          24
