1 -4.75815 -3.06625 7.78694 -4.75815   -3.06625    7.78694   0.15813   -0.215396  -0.0109633   0.68867   -0.411664  -0.549602
2 -4.69634 -3.10224 7.95174 -0.028904   0.00550543 0.113265  0.0718114 -0.0519418 -0.0474468   0.0718114 -0.0519418 -0.0474468
3 -4.57672 -3.14924 7.89001  0.0588644 -0.0428141  0.0304122 0.389024  -0.105111  -0.494671    0.424929  -0.131082  -0.518394
4 -4.57429 -3.12651 7.89592  0.183861  -0.0602657  0.108989  0.069705  -0.0392158  0.00347922  0.352991  -0.126604  -0.342117
Time step 5

1 -4.75989 -3.06164 7.78232 -4.75989   -3.06164    7.78232   0.179507  -0.231113   0.00224033  0.824461  -0.482682  -0.552604
2 -4.70375 -3.09209 7.95256 -0.0321999  0.00800919 0.115806  0.10784   -0.0728657 -0.0533382   0.10784   -0.0728657 -0.0533382
3 -4.58322 -3.13856 7.89119  0.0565199 -0.0390151  0.0335766 0.436026  -0.122954  -0.508973    0.489946  -0.159387  -0.535642
4 -4.57966 -3.1185 7.89525   0.18023   -0.0568625  0.112934  0.101088  -0.0557494  0.00746668  0.427719  -0.162007  -0.349628
Time step 0
