 96 1 1
-2.4641811960  -1.6418757544  4.1700896941 
-2.9149049137  -0.9072203792  3.6630102034 
-2.9502814864  -1.8007029574  -4.8397125168 
-0.4185124919  -0.2233697818  -4.1292189919 
-1.0762430384  -0.6818765271  -4.7268493900 
0.5107002041  -0.4660364404  -4.4079243172 
-1.9531259258  4.0504281433  0.0307648739 
-2.9322047176  4.2457653544  0.0877569219 
-1.4834549121  4.8227928590  -0.3968586578 
-1.9309952650  -0.8224734754  -1.6030020860 
-1.4072283205  -0.6478708425  -2.4367779002 
-1.9977878610  0.0201760467  -1.0686983035 
-2.5605416439  1.3927917595  -0.5895288741 
-2.0791670457  2.2541034372  -0.4269844491 
-3.3945301264  1.3678518543  -0.0383109389 
4.8341856785  1.5995967435  0.3255932607 
3.9652050637  1.4250264602  0.7886244770 
-4.9132505213  2.5848780418  0.2055671863 
1.1259553123  -1.3952440478  1.4528210368 
1.7482698457  -1.9059604157  2.0460270829 
0.1901302912  -1.7177873714  1.5949383621 
-1.7743618211  2.2483931681  4.4502691536 
-1.1342639184  1.6481712874  4.9298610312 
-2.5756910586  1.7220388751  4.1659759749 
2.0237014668  1.1592291836  0.6576609074 
1.8201551147  1.6633143302  -0.1816644452 
1.3901638149  0.3906786013  0.7468799983 
0.4778919573  -4.5295862174  4.5327334101 
0.8434529033  -3.6391563662  4.2616248068 
-0.0166921765  4.9341754229  3.7639382742 
2.0369904411  4.3170890889  1.1441399930 
1.9377909481  4.1495399466  0.1632797861 
1.6515213792  3.5482318413  1.6543087249 
2.2628070367  -0.7937605970  4.7991829048 
2.5715430328  -0.0989569642  4.1496215170 
2.4481429254  -1.7034112278  4.4274486743 
1.8866530408  -2.5790325380  -1.2518029313 
2.6067209026  -2.0978491436  -1.7517677455 
1.7585980491  -2.1507324490  -0.3572857694 
-3.8515187400  4.4714814101  3.1110963803 
-2.9041984756  4.6528056893  2.8470777775 
-4.2117581352  3.7167743828  2.5627854457 
-3.1619371398  1.9383107038  -3.1186412916 
-2.6109104808  1.5957892519  -2.3576888120 
-2.5670789683  2.1395510507  -3.8968739551 
-4.5220764653  4.4132677927  -0.0542862154 
4.7435999587  -4.7908492026  0.3856547826 
-4.3745902574  4.6765478101  -1.0076651804 
2.7332041020  3.6305449857  4.1928184499 
3.5291809489  4.0581946734  4.6212301721 
1.9440442831  4.2394594760  4.2731298673 
1.8124213150  3.0323690984  -1.4435322411 
1.0413823244  3.4681645791  -1.9078394390 
2.4982495009  2.7612915214  -2.1189259386 
3.5904533140  -0.8483573471  -2.6840103295 
2.9142160733  -1.0374799750  -3.3960045893 
3.5727707146  0.1255426274  -2.4577225364 
3.1763679752  1.2027970525  3.2178304729 
3.0336315865  2.0306695922  3.7602817439 
2.6617539600  1.2714290890  2.3631597416 
2.5615305527  -3.2443075854  2.9222700732 
2.4010255036  -3.7721804767  2.0882506851 
3.2020551249  -3.7375422726  3.5108682516 
-3.5491449373  0.4035817265  2.8944882679 
-3.3221076834  0.1225821799  1.9620220004 
-4.5429143233  0.4223764809  3.0043480169 
-0.6126613850  -3.4523114583  -1.4208391990 
-1.1614588768  -2.6277903801  -1.5586299990 
0.3492704041  -3.1991427890  -1.3179175881 
-4.1881007156  -2.1185816160  -3.5472238946 
-3.5757103162  -1.9941211181  -2.7665270372 
4.8153479222  -1.6505393128  -3.3697535146 
-0.2088580157  4.1821489244  -2.8415036499 
-0.1456523219  4.4379271807  -3.8061707032 
-0.2750533920  -4.8612654400  -2.2813455487 
4.1832706789  -3.0569867485  0.5181971801 
3.4391864368  -3.1668441214  -0.1407944726 
4.4858713041  -2.1038839238  0.5234761100 
-1.2703772613  -2.9803263202  1.8767578945 
-1.1010930135  -3.9654755539  1.9054603449 
-1.7493348863  -2.7000219911  2.7086407447 
4.3903068045  -4.2421722147  -4.6882187081 
-4.8750776354  -4.5168747134  4.4325979129 
4.8228394327  -3.5095097030  -4.1627463781 
-1.1166403399  4.2119343642  2.7172737337 
-1.2615341225  3.5235436568  3.4279945127 
-1.3871219492  3.8374349007  1.8303747254 
4.2508753184  1.6521006858  -2.1980568112 
-4.7553806179  1.8013452112  -2.6809005690 
4.4223815652  1.6115648237  -1.2137080665 
-3.1743540219  -1.4562866143  0.7602513307 
-2.6263151969  -2.1120975068  1.2794483258 
-2.7504027011  -1.2999699950  -0.1318419335 
-3.4051669701  -4.7956654598  -2.3844513613 
-3.8320039932  -4.6497506816  -3.2769305112 
-2.4918794973  4.6863380372  -2.5110324198 
9.8691510500  0.0000000000  0.0000000000 
0.0000000000  9.8691510500  0.0000000000 
0.0000000000  0.0000000000  9.8691510500 
